9, 7, 51, 54
235, 133, 35, 26
0, 0, 553, 211
321, 68, 60, 21
302, 30, 68, 56
353, 158, 20, 15
162, 78, 13, 14
228, 49, 21, 35
60, 68, 5, 63
72, 4, 88, 85
336, 60, 25, 28
384, 30, 45, 34
9, 15, 8, 16
374, 158, 19, 9
388, 32, 6, 30
176, 42, 18, 33
335, 23, 18, 7
385, 32, 20, 33
6, 0, 427, 194
35, 29, 0, 99
162, 31, 20, 61
344, 157, 88, 36
337, 32, 23, 32
421, 27, 27, 37
366, 14, 44, 14
131, 42, 11, 14
364, 25, 41, 12
332, 44, 29, 33
377, 70, 24, 18
43, 23, 24, 51
352, 163, 30, 29
329, 30, 23, 10
80, 35, 29, 47
310, 35, 6, 26
383, 14, 23, 9
301, 128, 5, 14
135, 23, 40, 92
81, 4, 30, 16
69, 4, 106, 129
251, 110, 52, 16
289, 125, 28, 17
248, 120, 11, 22
397, 35, 7, 26
222, 0, 227, 100
141, 101, 26, 15
303, 37, 14, 27
11, 5, 49, 125
72, 104, 29, 26
251, 119, 19, 16
350, 167, 15, 15
341, 165, 34, 16
244, 47, 35, 13
70, 4, 105, 94
406, 33, 6, 30
271, 36, 23, 14
249, 120, 9, 22
337, 30, 99, 34
228, 52, 29, 34
401, 74, 36, 16
257, 30, 13, 12
342, 32, 17, 28
275, 127, 8, 13
344, 158, 18, 34
379, 33, 9, 28
366, 14, 66, 17
225, 45, 9, 30
128, 98, 67, 36
100, 92, 40, 29
313, 35, 17, 28
258, 152, 54, 32
409, 33, 2, 28
372, 154, 33, 11
30, 56, 5, 61
211, 116, 9, 15
176, 31, 6, 16
209, 109, 11, 26
199, 147, 31, 34
317, 84, 16, 13
313, 35, 17, 27
129, 61, 15, 26
371, 64, 27, 21
176, 59, 12, 32
247, 166, 10, 16
334, 158, 35, 35
359, 30, 27, 30
73, 106, 28, 24
272, 30, 29, 16
247, 121, 34, 33
366, 30, 64, 32
213, 157, 16, 19
63, 95, 8, 39
411, 79, 26, 17
222, 0, 206, 100
237, 156, 46, 26
160, 77, 20, 25
64, 15, 51, 68
417, 167, 8, 20
242, 30, 50, 35
62, 0, 33, 21
206, 140, 22, 9
35, 59, 23, 71
165, 47, 23, 67
364, 40, 5, 21
239, 157, 22, 11
125, 71, 19, 23
207, 168, 13, 14
146, 116, 29, 18
299, 109, 38, 37
361, 33, 52, 32
69, 56, 103, 76
312, 127, 24, 18
242, 30, 53, 37
346, 151, 26, 11
401, 33, 27, 31
145, 113, 49, 21
295, 164, 16, 16
148, 129, 44, 15
213, 159, 19, 23
100, 91, 40, 20
317, 68, 121, 21
363, 40, 7, 21
69, 78, 75, 52
321, 68, 117, 22
366, 30, 32, 35
407, 167, 11, 21
47, 40, 21, 34
69, 74, 81, 59
86, 0, 80, 33
292, 35, 13, 24
302, 30, 134, 35
162, 107, 29, 12
408, 158, 19, 23
388, 32, 8, 30
243, 59, 50, 28
97, 70, 13, 13
360, 68, 16, 20
336, 30, 35, 35
349, 27, 100, 71
100, 91, 15, 17
237, 158, 19, 24
223, 31, 10, 50
46, 16, 96, 81
332, 44, 23, 24
97, 59, 48, 37
317, 61, 20, 11
374, 161, 19, 21
259, 126, 44, 40
312, 161, 36, 21
239, 31, 22, 15
237, 156, 23, 26
175, 47, 4, 37
78, 90, 51, 38
132, 76, 11, 15
144, 123, 51, 13
115, 93, 17, 14
238, 167, 8, 16
310, 35, 21, 28
47, 59, 12, 71
241, 48, 37, 18
271, 166, 15, 26
258, 32, 9, 9
224, 19, 21, 28
102, 26, 31, 16
22, 5, 39, 15
412, 33, 15, 30
222, 158, 18, 25
368, 166, 23, 16
213, 158, 19, 24
261, 163, 22, 19
251, 158, 10, 22
41, 0, 82, 97
64, 15, 33, 56
257, 50, 9, 9
300, 175, 41, 17
160, 77, 21, 24
98, 26, 40, 53
334, 30, 28, 33
270, 167, 10, 15
313, 151, 31, 12
337, 35, 5, 26
389, 164, 37, 25
81, 50, 17, 26
390, 157, 25, 23
244, 59, 38, 14
380, 38, 4, 18
317, 68, 59, 20
109, 93, 31, 18
97, 26, 56, 63
98, 26, 41, 53
222, 160, 70, 24
415, 78, 10, 10
97, 73, 30, 18
98, 26, 40, 56
398, 18, 35, 12
35, 29, 1, 101
23, 5, 37, 26
128, 28, 25, 27
225, 45, 9, 33
353, 163, 28, 29
142, 30, 32, 67
235, 167, 42, 18
401, 33, 27, 32
6, 16, 27, 37
68, 73, 128, 61
72, 9, 23, 25
345, 151, 62, 23
314, 168, 9, 14
310, 163, 64, 20
251, 110, 34, 16
336, 54, 25, 23
176, 42, 18, 56
245, 47, 34, 14
284, 165, 7, 16
280, 152, 32, 31
46, 16, 96, 114
144, 82, 133, 65
31, 59, 4, 53
208, 113, 27, 21
31, 59, 4, 53
95, 127, 63, 9
316, 151, 29, 16
384, 30, 49, 4
100, 91, 94, 44
148, 135, 17, 9
128, 56, 44, 72
35, 31, 23, 99
144, 82, 289, 111
98, 90, 42, 21
78, 90, 62, 38
373, 75, 11, 13
369, 165, 6, 17
375, 161, 42, 7
35, 61, 23, 68
335, 54, 106, 44
302, 30, 58, 33
245, 64, 44, 7
392, 68, 35, 9
207, 111, 33, 24
241, 23, 31, 21
6, 0, 164, 54
400, 76, 26, 12
244, 30, 29, 17
397, 164, 30, 25
77, 0, 89, 49
357, 163, 24, 29
152, 106, 38, 12
164, 134, 28, 10
403, 73, 25, 16
60, 68, 46, 63
236, 0, 35, 38
403, 167, 22, 23
357, 25, 70, 24
371, 33, 6, 30
406, 32, 7, 30
10, 7, 47, 40
190, 147, 50, 46
361, 68, 15, 20
388, 33, 5, 30
36, 95, 22, 35
333, 158, 19, 14
380, 39, 4, 18
374, 158, 19, 23
197, 132, 9, 13
100, 76, 44, 35
259, 154, 21, 12
171, 31, 23, 47
195, 153, 100, 40
302, 68, 19, 21
229, 74, 27, 15
235, 32, 15, 15
311, 30, 29, 33
223, 159, 5, 22
385, 32, 14, 33
233, 165, 73, 28
69, 76, 79, 56
221, 113, 10, 20
396, 32, 17, 32
313, 36, 10, 22
305, 15, 33, 21
309, 73, 9, 23
148, 107, 284, 87
120, 61, 24, 35
425, 37, 12, 26
424, 74, 23, 23
130, 61, 23, 37
98, 60, 31, 28
160, 77, 20, 28
296, 54, 21, 14
303, 68, 16, 20
63, 9, 32, 42
317, 151, 27, 8
293, 163, 19, 16
222, 113, 9, 18
335, 87, 30, 9
69, 95, 24, 33
43, 14, 85, 82
102, 128, 42, 5
332, 166, 16, 16
86, 0, 80, 45
228, 42, 58, 30
247, 120, 12, 22
233, 182, 62, 11
357, 54, 84, 31
335, 24, 114, 74
35, 61, 23, 68
339, 170, 11, 14
236, 18, 17, 19
128, 28, 25, 16
414, 34, 13, 26
414, 35, 11, 25
128, 4, 37, 20
365, 68, 5, 18
69, 74, 32, 16
385, 54, 57, 27
231, 164, 47, 20
20, 4, 40, 26
103, 28, 35, 51
368, 166, 18, 16
173, 82, 21, 16
350, 167, 14, 15
414, 35, 13, 26
374, 74, 16, 14
86, 128, 58, 9
278, 46, 21, 19
337, 35, 13, 29
319, 111, 16, 14
235, 167, 9, 15
65, 30, 11, 22
159, 59, 27, 52
302, 30, 133, 35
408, 33, 3, 29
258, 65, 42, 22
114, 75, 15, 14
332, 42, 109, 56
363, 80, 40, 16
63, 23, 13, 28
11, 7, 47, 123
243, 46, 52, 24
256, 65, 77, 32
256, 65, 45, 32
368, 164, 58, 25
226, 8, 56, 53
226, 75, 57, 25
247, 120, 34, 35
80, 116, 64, 20
129, 94, 22, 27
230, 46, 48, 40
285, 132, 20, 22
105, 69, 10, 14
69, 77, 87, 56
401, 75, 36, 15
247, 47, 32, 14
295, 109, 25, 32
188, 111, 50, 37
302, 30, 29, 33
202, 153, 29, 29
247, 73, 33, 14
241, 16, 54, 34
422, 33, 14, 30
293, 49, 13, 18
100, 31, 96, 113
131, 98, 64, 36
295, 167, 8, 15
313, 35, 16, 27
408, 180, 24, 11
215, 159, 16, 23
302, 33, 16, 30
303, 30, 37, 34
301, 68, 17, 21
223, 30, 225, 68
319, 161, 17, 23
357, 59, 23, 19
66, 71, 40, 24
194, 103, 35, 25
258, 164, 25, 17
31, 64, 33, 70
80, 33, 25, 41
249, 119, 21, 23
134, 55, 13, 15
195, 150, 100, 43
335, 27, 113, 69
173, 31, 21, 67
407, 167, 11, 15
143, 125, 48, 18
97, 26, 41, 63
412, 158, 20, 21
332, 35, 23, 33
223, 157, 5, 24
335, 77, 90, 19
223, 157, 5, 23
397, 35, 6, 23
126, 42, 18, 26
378, 30, 9, 33
352, 30, 11, 19
313, 35, 18, 27
233, 134, 119, 59
222, 0, 27, 84
49, 62, 10, 15
226, 14, 16, 33
98, 78, 26, 12
231, 45, 50, 42
319, 161, 67, 23
319, 167, 19, 17
377, 180, 11, 12
46, 16, 102, 114
135, 71, 36, 37
41, 29, 18, 100
224, 7, 21, 40
403, 169, 14, 19
129, 55, 18, 32
315, 168, 14, 14
325, 33, 13, 28
310, 127, 15, 16
304, 126, 16, 33
428, 74, 11, 15
258, 33, 11, 10
235, 166, 46, 26
373, 74, 9, 13
349, 91, 76, 7
119, 46, 24, 52
73, 21, 13, 33
344, 158, 52, 34
165, 85, 20, 30
43, 22, 34, 55
397, 33, 8, 28
46, 16, 94, 81
305, 126, 11, 21
258, 109, 69, 66
255, 73, 29, 16
70, 4, 99, 51
60, 68, 9, 59
222, 0, 27, 36
313, 111, 23, 34
258, 51, 10, 9
96, 0, 73, 33
335, 42, 106, 54
252, 65, 37, 7
302, 30, 111, 58
31, 64, 38, 70
296, 80, 14, 16
246, 109, 18, 9
352, 169, 13, 13
255, 48, 39, 19
237, 116, 13, 18
245, 119, 17, 24
330, 30, 30, 33
171, 31, 23, 66
337, 35, 13, 30
407, 151, 17, 9
374, 74, 24, 14
46, 16, 100, 81
218, 160, 14, 22
234, 124, 18, 21
30, 95, 41, 41
301, 69, 12, 20
302, 68, 17, 20
235, 133, 39, 26
355, 166, 19, 15
129, 61, 15, 28
238, 42, 44, 23
305, 30, 35, 23
187, 109, 158, 84
288, 80, 28, 18
70, 4, 99, 68
30, 59, 41, 77
80, 116, 79, 20
77, 9, 17, 11
302, 30, 38, 33
337, 32, 40, 32
271, 15, 66, 45
233, 165, 108, 28
9, 5, 139, 125
313, 116, 23, 18
407, 151, 17, 9
73, 3, 62, 26
349, 161, 37, 23
331, 166, 9, 16
103, 98, 92, 36
264, 122, 42, 22
63, 15, 16, 28
9, 0, 60, 26
304, 32, 13, 30
246, 47, 33, 14
389, 77, 9, 11
95, 0, 74, 30
254, 167, 12, 17
337, 30, 99, 34
226, 8, 24, 42
228, 30, 58, 42
192, 50, 3, 42
369, 165, 49, 28
414, 35, 15, 26
305, 125, 12, 17
35, 31, 23, 99
360, 30, 70, 37
237, 158, 46, 25
303, 70, 5, 17
341, 32, 18, 31
397, 167, 21, 21
109, 93, 42, 35
387, 157, 29, 30
175, 31, 7, 47
285, 127, 30, 28
317, 76, 28, 12
13, 10, 35, 28
229, 144, 42, 24
229, 46, 52, 41
9, 15, 26, 46
100, 91, 51, 37
388, 167, 9, 15
388, 32, 11, 30
296, 166, 14, 16
103, 28, 35, 52
222, 0, 130, 84
269, 125, 32, 18
206, 150, 22, 8
307, 111, 29, 34
365, 30, 34, 35
69, 92, 90, 45
307, 113, 18, 13
176, 60, 3, 22
396, 33, 9, 30
422, 33, 13, 30
358, 32, 19, 30
398, 167, 20, 24
304, 33, 12, 30
160, 61, 27, 36
270, 167, 8, 15
412, 32, 19, 29
71, 4, 105, 114
305, 30, 35, 32
100, 61, 78, 50
384, 166, 11, 16
96, 0, 48, 7
199, 143, 40, 38
289, 127, 19, 16
337, 32, 23, 33
293, 165, 16, 18
80, 116, 26, 16
412, 33, 15, 28
211, 116, 10, 16
9, 4, 190, 132
9, 15, 26, 97
96, 47, 5, 23
258, 61, 96, 36
408, 166, 16, 23
44, 17, 17, 50
140, 0, 30, 33
13, 4, 47, 63
366, 33, 63, 33
302, 30, 97, 58
236, 167, 41, 18
289, 125, 36, 18
311, 30, 20, 7
222, 113, 13, 18
9, 5, 82, 125
61, 65, 29, 21
125, 42, 19, 26
336, 61, 25, 17
269, 125, 17, 17
211, 116, 8, 15
258, 164, 32, 18
245, 51, 27, 12
310, 163, 38, 20
64, 15, 13, 28
317, 68, 65, 21
304, 30, 34, 35
69, 74, 24, 54
230, 45, 49, 42
335, 24, 93, 25
172, 132, 34, 14
176, 42, 18, 46
199, 107, 30, 21
224, 147, 12, 33
341, 32, 30, 29
115, 97, 29, 23
233, 134, 104, 59
312, 116, 24, 30
270, 128, 15, 14
390, 164, 36, 25
307, 30, 30, 33
294, 128, 6, 12
136, 126, 58, 10
36, 113, 22, 17
304, 32, 34, 33
357, 42, 84, 44
131, 61, 13, 21
400, 25, 28, 5
252, 71, 29, 16
385, 54, 57, 42
246, 118, 28, 13
182, 70, 11, 28
149, 9, 19, 18
132, 76, 11, 11
171, 82, 16, 22
359, 30, 39, 35
225, 8, 67, 57
164, 113, 35, 12
290, 127, 8, 16
131, 61, 13, 23
366, 30, 64, 34
46, 18, 86, 79
364, 91, 21, 7
336, 30, 16, 35
190, 111, 32, 28
234, 124, 22, 21
304, 30, 27, 32
303, 71, 8, 17
366, 31, 33, 33
346, 69, 21, 19
205, 165, 19, 18
77, 0, 99, 99
390, 167, 7, 16
143, 125, 18, 10
68, 3, 131, 133
258, 163, 34, 21
223, 0, 23, 7
226, 30, 69, 56
141, 113, 15, 17
251, 110, 42, 31
72, 4, 103, 111
100, 92, 15, 16
303, 35, 14, 29
95, 118, 54, 15
80, 33, 49, 56
252, 158, 9, 23
371, 33, 5, 29
246, 0, 10, 16
256, 30, 14, 11
162, 82, 35, 39
246, 118, 28, 23
407, 166, 17, 23
257, 30, 13, 11
302, 30, 96, 35
227, 42, 11, 37
282, 167, 9, 15
400, 76, 11, 12
379, 34, 7, 27
307, 113, 18, 12
304, 30, 36, 32
302, 30, 134, 59
235, 166, 34, 26
237, 75, 46, 21
231, 168, 6, 15
175, 47, 4, 37
315, 166, 15, 16
223, 0, 26, 30
293, 166, 15, 16
69, 73, 28, 16
247, 121, 30, 30
69, 94, 22, 33
9, 23, 26, 106
339, 32, 22, 29
267, 168, 13, 24
408, 167, 17, 23
383, 155, 20, 8
69, 78, 75, 55
50, 50, 30, 29
221, 113, 12, 20
203, 175, 30, 9
10, 4, 165, 129
47, 23, 21, 50
375, 14, 35, 11
70, 4, 115, 114
411, 79, 20, 17
98, 26, 28, 40
258, 119, 15, 16
236, 164, 30, 20
69, 95, 75, 41
141, 101, 15, 15
284, 165, 7, 16
137, 56, 14, 27
265, 115, 28, 26
100, 92, 33, 19
311, 60, 25, 13
103, 99, 26, 12
76, 54, 51, 40
321, 68, 81, 21
364, 32, 14, 31
246, 109, 34, 9
257, 50, 11, 9
229, 45, 65, 42
287, 156, 23, 23
36, 42, 22, 86
150, 112, 47, 23
222, 152, 90, 32
421, 27, 28, 70
13, 0, 66, 43
256, 87, 32, 10
109, 102, 24, 9
241, 8, 31, 23
160, 47, 28, 50
6, 0, 189, 137
162, 42, 35, 80
13, 0, 56, 26
226, 30, 173, 57
135, 97, 9, 22
344, 75, 11, 12
245, 118, 29, 25
241, 0, 26, 31
231, 70, 26, 16
222, 0, 28, 36
199, 107, 52, 28
258, 170, 19, 16
346, 69, 30, 19
308, 69, 10, 16
247, 109, 89, 66
46, 4, 129, 132
130, 86, 12, 9
274, 125, 26, 17
100, 91, 40, 19
400, 35, 33, 29
366, 31, 47, 33
10, 5, 51, 126
48, 0, 126, 98
258, 164, 20, 6
318, 71, 36, 16
335, 24, 24, 20
187, 123, 12, 21
407, 164, 20, 25
412, 158, 21, 33
352, 168, 13, 14
235, 167, 13, 15
259, 128, 67, 47
63, 68, 37, 30
188, 111, 52, 82
77, 9, 35, 39
231, 164, 35, 20
226, 109, 23, 18
379, 167, 8, 15
137, 31, 39, 68
353, 157, 62, 25
226, 7, 19, 28
341, 165, 23, 16
260, 167, 7, 17
336, 35, 6, 26
344, 76, 11, 11
195, 175, 44, 17
270, 127, 17, 15
226, 8, 18, 28
357, 54, 84, 42
81, 80, 23, 10
317, 77, 8, 11
226, 32, 55, 55
243, 48, 51, 22
247, 107, 52, 6
9, 0, 161, 43
248, 166, 20, 26
316, 32, 24, 31
244, 37, 29, 9
9, 7, 51, 56
226, 8, 24, 43
228, 54, 29, 33
160, 59, 28, 42
9, 25, 26, 105
303, 14, 49, 15
258, 61, 96, 35
285, 111, 18, 15
225, 8, 19, 42
312, 111, 24, 34
260, 163, 23, 19
299, 127, 7, 15
222, 160, 43, 23
30, 56, 2, 61
35, 30, 0, 99
69, 92, 22, 36
44, 31, 17, 36
15, 0, 33, 14
270, 167, 7, 15
222, 0, 28, 82
293, 163, 94, 20
171, 31, 11, 47
269, 125, 38, 18
247, 120, 79, 62
249, 120, 11, 22
268, 168, 12, 24
64, 15, 23, 40
208, 109, 11, 26
241, 0, 31, 31
384, 30, 51, 33
305, 127, 11, 21
260, 47, 21, 16
370, 32, 7, 30
264, 122, 63, 22
298, 61, 33, 18
125, 68, 21, 26
34, 30, 24, 101
408, 167, 18, 23
35, 29, 17, 37
305, 113, 21, 34
399, 77, 33, 19
258, 45, 36, 23
100, 61, 45, 50
388, 166, 35, 25
250, 46, 45, 21
9, 0, 69, 43
415, 34, 21, 29
176, 57, 12, 30
62, 0, 106, 55
375, 14, 58, 17
121, 66, 14, 30
241, 47, 11, 16
182, 68, 11, 29
247, 167, 10, 15
97, 59, 14, 11
60, 70, 9, 59
258, 167, 18, 15
14, 28, 21, 33
100, 28, 11, 21
132, 70, 46, 38
128, 109, 23, 20
59, 66, 6, 65
236, 170, 22, 15
353, 157, 62, 30
315, 35, 15, 27
374, 157, 42, 25
195, 120, 131, 73
243, 117, 29, 26
235, 164, 32, 20
226, 32, 69, 55
190, 109, 136, 84
389, 33, 3, 29
317, 61, 20, 12
377, 165, 19, 27
310, 71, 11, 17
54, 57, 23, 20
97, 40, 4, 23
305, 15, 48, 21
324, 32, 13, 30
95, 130, 48, 4
307, 111, 28, 15
222, 31, 12, 52
416, 180, 16, 12
315, 32, 16, 29
239, 31, 45, 16
226, 14, 58, 33
314, 161, 23, 23
258, 109, 63, 34
143, 106, 201, 87
171, 31, 7, 47
13, 4, 47, 35
143, 96, 26, 13
360, 32, 11, 29
102, 26, 35, 54
345, 151, 79, 23
337, 34, 12, 30
223, 0, 82, 60
213, 152, 182, 32
73, 21, 23, 50
287, 155, 39, 27
388, 165, 30, 28
248, 33, 35, 14
226, 61, 129, 39
228, 52, 56, 36
235, 164, 22, 19
362, 31, 9, 30
109, 86, 34, 25
377, 70, 60, 20
232, 49, 46, 37
277, 167, 13, 15
293, 163, 56, 20
43, 22, 12, 37
247, 30, 35, 18
357, 59, 41, 26
63, 4, 112, 129
377, 70, 24, 19
310, 35, 11, 28
246, 107, 53, 11
407, 76, 20, 12
111, 109, 29, 12
349, 14, 100, 85
164, 82, 34, 39
148, 134, 44, 10
403, 32, 33, 33
401, 31, 22, 31
345, 72, 22, 16
235, 168, 18, 25
305, 15, 59, 34
253, 110, 26, 9
422, 158, 11, 21
235, 164, 31, 20
204, 123, 51, 25
302, 70, 7, 18
69, 4, 110, 129
205, 159, 26, 24
319, 161, 18, 23
317, 72, 50, 16
98, 26, 29, 23
241, 8, 26, 23
190, 143, 50, 50
414, 33, 21, 30
31, 59, 4, 52
223, 35, 139, 65
258, 109, 79, 36
207, 157, 25, 25
76, 47, 21, 25
271, 31, 16, 6
401, 31, 35, 33
384, 30, 45, 31
236, 8, 65, 37
318, 76, 23, 13
249, 47, 31, 14
241, 44, 57, 26
222, 31, 10, 52
144, 129, 28, 15
374, 157, 42, 30
317, 76, 39, 12
223, 49, 132, 50
411, 74, 28, 22
208, 113, 27, 21
171, 31, 24, 66
229, 144, 42, 15
176, 58, 12, 33
246, 0, 10, 16
236, 8, 36, 30
6, 0, 426, 194
269, 125, 57, 18
334, 158, 99, 35
165, 31, 30, 66
332, 44, 29, 34
69, 77, 79, 56
261, 163, 22, 17
176, 57, 12, 27
62, 0, 107, 30
9, 0, 55, 134
235, 133, 47, 49
407, 167, 18, 21
97, 59, 14, 21
237, 158, 46, 24
247, 0, 10, 16
401, 30, 31, 33
50, 50, 53, 40
48, 14, 80, 82
303, 14, 57, 30
302, 30, 60, 35
284, 134, 52, 51
97, 73, 23, 14
311, 30, 51, 33
309, 126, 11, 16
364, 25, 64, 12
360, 68, 38, 20
294, 123, 33, 21
78, 90, 71, 43
30, 56, 3, 61
9, 4, 168, 129
224, 7, 73, 62
187, 107, 140, 86
335, 54, 106, 42
412, 33, 23, 30
237, 156, 46, 27
378, 33, 9, 28
334, 151, 98, 43
190, 111, 65, 37
309, 73, 23, 24
302, 30, 58, 35
266, 167, 13, 16
296, 54, 40, 17
80, 47, 35, 36
80, 47, 17, 25
31, 64, 59, 70
225, 45, 31, 45
148, 129, 58, 16
165, 78, 10, 12
121, 42, 32, 55
246, 47, 48, 21
366, 30, 64, 37
374, 168, 11, 14
204, 123, 35, 25
31, 59, 33, 74
412, 32, 23, 31
69, 4, 108, 129
281, 167, 11, 15
213, 152, 98, 33
412, 33, 12, 28
137, 56, 12, 27
144, 49, 9, 20
9, 5, 57, 125
205, 163, 19, 20
305, 30, 35, 30
167, 111, 29, 11
307, 30, 30, 15
258, 167, 13, 15
258, 109, 63, 32
415, 78, 10, 11
222, 152, 90, 33
270, 126, 33, 40
135, 9, 40, 106
175, 31, 19, 56
270, 126, 56, 56
260, 167, 19, 17
69, 74, 23, 40
400, 30, 33, 34
62, 0, 112, 98
171, 57, 17, 47
43, 23, 11, 26
362, 30, 36, 35
311, 60, 50, 28
35, 30, 23, 99
258, 49, 40, 19
241, 16, 64, 44
303, 30, 35, 35
238, 30, 44, 34
304, 126, 40, 37
80, 26, 126, 119
199, 107, 30, 28
205, 158, 27, 26
160, 59, 28, 42
230, 30, 65, 57
226, 35, 129, 65
236, 170, 41, 16
9, 0, 70, 61
302, 68, 136, 22
13, 0, 47, 130
144, 31, 289, 163
81, 50, 47, 41
132, 42, 65, 80
293, 163, 82, 20
135, 97, 32, 22
129, 94, 46, 39
222, 0, 32, 38
34, 29, 24, 102
304, 32, 25, 30
296, 35, 65, 42
143, 125, 29, 18
10, 7, 48, 122
247, 107, 52, 11
252, 158, 31, 23
207, 160, 25, 22
226, 8, 56, 43
226, 8, 72, 79
235, 167, 21, 15
241, 37, 57, 32
62, 0, 107, 49
295, 163, 79, 20
100, 86, 43, 25
317, 68, 82, 20
352, 163, 45, 29
97, 59, 18, 23
46, 4, 129, 94
296, 61, 35, 35
384, 30, 49, 30
236, 15, 101, 45
233, 151, 200, 43
202, 153, 37, 30
245, 50, 27, 13
302, 30, 50, 33
235, 120, 92, 73
72, 4, 95, 85
241, 15, 96, 45
223, 31, 60, 64
143, 96, 47, 22
13, 0, 156, 30
10, 7, 47, 121
375, 161, 42, 22
164, 42, 34, 80
251, 158, 32, 24
346, 69, 52, 19
97, 26, 46, 63
225, 8, 72, 79
70, 3, 115, 115
132, 71, 39, 37
60, 70, 11, 64
335, 80, 68, 16
317, 61, 45, 17
135, 56, 36, 52
141, 101, 56, 33
160, 58, 28, 47
97, 28, 14, 35
344, 155, 88, 38
143, 96, 53, 39
9, 0, 141, 137
303, 14, 49, 23
31, 64, 128, 73
9, 0, 182, 137
337, 30, 49, 34
258, 109, 63, 56
292, 15, 46, 45
313, 35, 23, 38
31, 59, 38, 74
223, 31, 11, 50
407, 167, 19, 23
344, 69, 23, 19
305, 125, 21, 18
211, 113, 20, 20
384, 30, 52, 33
346, 151, 58, 14
296, 54, 65, 23
258, 109, 79, 66
60, 70, 30, 59
416, 158, 16, 33
199, 107, 52, 28
302, 30, 69, 35
295, 163, 131, 26
226, 8, 69, 79
115, 97, 41, 33
190, 144, 81, 49
299, 109, 45, 54
9, 0, 165, 98
203, 152, 214, 39
223, 24, 226, 75
236, 0, 31, 38
47, 23, 57, 67
188, 107, 244, 87
9, 3, 187, 131
334, 157, 98, 37
10, 7, 49, 123
224, 7, 73, 81
223, 0, 225, 98
97, 26, 47, 63
353, 158, 39, 23
226, 109, 77, 32
236, 0, 36, 38
236, 0, 58, 50
225, 8, 72, 61
333, 158, 85, 35
299, 125, 26, 18
342, 32, 35, 30
256, 61, 75, 36
226, 14, 58, 66
284, 134, 68, 51
135, 56, 36, 60
115, 46, 29, 61
190, 109, 146, 38
60, 68, 89, 64
6, 0, 71, 54
241, 47, 52, 40
241, 15, 187, 45
304, 113, 40, 49
222, 0, 80, 84
148, 31, 284, 163
303, 69, 15, 18
236, 0, 116, 60
115, 97, 52, 33
247, 30, 35, 31
69, 77, 90, 59
332, 42, 109, 44
100, 31, 95, 99
77, 9, 35, 40
414, 34, 22, 29
249, 119, 23, 23
44, 17, 47, 69
142, 30, 35, 67
223, 31, 34, 58
98, 26, 46, 53
235, 133, 45, 33
357, 14, 75, 35
144, 82, 182, 93
334, 157, 84, 37
293, 163, 134, 26
319, 167, 30, 17
187, 123, 19, 22
131, 98, 68, 36
232, 49, 47, 38
314, 161, 23, 23
132, 31, 65, 90
144, 47, 55, 89
271, 31, 23, 18
41, 0, 86, 97
302, 30, 136, 35
30, 56, 129, 80
334, 158, 84, 35
125, 55, 23, 39
188, 111, 63, 82
188, 107, 148, 86
313, 35, 48, 43
344, 157, 74, 36
213, 152, 182, 33
302, 30, 111, 35
359, 30, 54, 34
144, 82, 133, 67
109, 102, 31, 18
317, 68, 85, 21
9, 7, 51, 123
258, 109, 79, 56
100, 56, 78, 64
336, 30, 69, 35
9, 5, 52, 125
195, 175, 100, 18
223, 0, 204, 60
336, 30, 63, 35
125, 42, 28, 28
270, 167, 21, 15
224, 147, 58, 35
237, 158, 19, 25
80, 26, 64, 62
302, 30, 68, 58
100, 46, 96, 98
233, 109, 119, 84
160, 47, 27, 50
131, 56, 20, 27
9, 7, 62, 130
398, 166, 26, 25
223, 0, 225, 97
129, 94, 67, 40
145, 107, 49, 28
248, 33, 35, 14
119, 46, 34, 53
312, 161, 36, 23
412, 33, 15, 28
164, 47, 35, 78
100, 92, 34, 19
231, 45, 63, 42
190, 147, 243, 47
190, 109, 130, 38
175, 47, 13, 40
188, 107, 164, 86
252, 158, 31, 24
165, 57, 23, 57
226, 8, 67, 79
98, 26, 41, 62
98, 26, 46, 62
408, 158, 24, 33
226, 14, 58, 46
62, 0, 104, 49
311, 60, 87, 28
231, 164, 59, 20
241, 23, 47, 21
226, 8, 59, 64
304, 113, 22, 45
188, 111, 63, 37
54, 57, 43, 33
296, 35, 40, 37
329, 30, 23, 34
251, 110, 54, 45
6, 7, 65, 130
100, 61, 78, 69
100, 61, 78, 60
204, 109, 51, 38
226, 14, 68, 73
233, 158, 186, 35
100, 70, 78, 41
165, 31, 28, 66
222, 0, 133, 100
148, 123, 51, 21
125, 61, 21, 33
30, 26, 161, 110
304, 30, 35, 32
77, 0, 93, 64
226, 8, 72, 64
77, 0, 89, 49
121, 66, 22, 30
10, 7, 48, 123
9, 7, 50, 123
190, 109, 146, 84
199, 144, 72, 37
9, 15, 60, 118
311, 35, 50, 53
100, 61, 91, 69
213, 152, 211, 39
335, 77, 90, 21
346, 68, 52, 20
43, 22, 54, 68
298, 61, 57, 26
224, 19, 73, 50
223, 0, 44, 38
302, 30, 60, 33
9, 0, 165, 130
69, 94, 90, 42
60, 4, 139, 132
294, 125, 32, 18
77, 0, 89, 64
406, 32, 30, 31
222, 0, 32, 82
80, 26, 73, 71
9, 0, 86, 43
344, 157, 82, 36
97, 26, 47, 56
292, 14, 60, 46
100, 56, 91, 73
97, 26, 79, 73
335, 68, 92, 30
224, 7, 48, 40
235, 166, 52, 26
311, 30, 137, 68
226, 109, 77, 18
303, 14, 146, 85
226, 8, 173, 79
80, 26, 49, 63
236, 0, 65, 46
222, 0, 116, 84
80, 47, 49, 42
335, 77, 96, 19
333, 158, 100, 35
164, 57, 35, 68
9, 3, 190, 133
344, 151, 88, 42
190, 109, 65, 38
337, 32, 35, 32
6, 0, 168, 137
335, 54, 113, 44
100, 91, 105, 54
30, 56, 161, 80
336, 30, 99, 35
100, 46, 44, 65
301, 68, 137, 22
69, 74, 71, 54
46, 9, 100, 88
317, 69, 50, 19
317, 68, 73, 20
64, 15, 47, 68
223, 31, 132, 66
187, 107, 158, 86
68, 3, 128, 131
6, 0, 71, 135
6, 0, 200, 146
302, 30, 97, 35
400, 74, 39, 22
247, 109, 89, 56
62, 0, 82, 111
223, 0, 71, 50
144, 82, 200, 111
251, 109, 70, 45
296, 73, 36, 24
62, 0, 106, 80
100, 66, 44, 45
6, 0, 164, 72
246, 109, 58, 17
236, 0, 65, 50
31, 59, 40, 75
129, 61, 67, 73
344, 158, 74, 35
256, 61, 77, 36
62, 0, 114, 111
223, 44, 139, 56
10, 7, 49, 125
68, 4, 128, 130
302, 30, 50, 35
187, 109, 140, 84
353, 157, 62, 35
131, 98, 68, 38
336, 30, 96, 35
246, 107, 53, 35
9, 0, 336, 194
337, 30, 94, 34
6, 0, 188, 137
305, 15, 123, 34
332, 27, 117, 71
223, 0, 48, 45
335, 14, 114, 85
222, 152, 127, 32
337, 30, 76, 34
97, 26, 47, 85
6, 0, 182, 137
9, 0, 51, 130
43, 18, 89, 79
9, 4, 187, 130
48, 0, 126, 137
237, 158, 46, 26
222, 0, 140, 100
233, 134, 186, 60
305, 15, 143, 49
160, 31, 34, 73
9, 0, 167, 137
225, 8, 70, 79
302, 30, 58, 35
203, 152, 183, 33
9, 7, 62, 128
233, 158, 200, 35
97, 26, 41, 56
9, 4, 60, 130
236, 0, 69, 60
226, 8, 69, 62
64, 15, 80, 96
303, 14, 129, 35
144, 57, 55, 79
6, 0, 185, 137
319, 161, 76, 23
10, 4, 185, 130
10, 5, 136, 126
188, 111, 93, 82
66, 4, 113, 129
60, 68, 89, 68
311, 35, 137, 63
160, 31, 35, 70
188, 107, 63, 86
100, 46, 53, 75
237, 61, 117, 36
13, 4, 47, 126
222, 152, 174, 32
222, 0, 61, 100
229, 33, 65, 54
143, 96, 53, 48
9, 0, 185, 137
190, 109, 153, 85
160, 47, 28, 56
333, 157, 100, 37
13, 0, 156, 43
203, 152, 145, 33
9, 0, 60, 134
187, 109, 150, 38
188, 109, 148, 84
190, 109, 136, 83
223, 147, 59, 35
231, 45, 63, 44
337, 30, 99, 37
9, 5, 131, 125
256, 61, 99, 36
302, 30, 111, 59
80, 26, 117, 95
223, 0, 141, 60
233, 134, 200, 60
229, 31, 65, 56
187, 109, 154, 84
223, 0, 114, 60
162, 31, 35, 90
62, 0, 114, 99
302, 30, 97, 59
223, 0, 129, 60
233, 157, 200, 37
235, 109, 92, 83
9, 0, 188, 144
6, 0, 164, 137
226, 109, 94, 32
100, 31, 95, 90
223, 0, 72, 50
41, 0, 135, 99
6, 4, 168, 132
69, 30, 109, 102
223, 0, 224, 97
203, 152, 108, 33
62, 0, 131, 111
222, 0, 83, 82
226, 30, 172, 57
226, 14, 68, 66
187, 109, 150, 56
203, 152, 146, 33
226, 30, 80, 56
143, 107, 193, 86
203, 152, 221, 39
129, 58, 215, 135
60, 4, 118, 129
223, 0, 225, 64
62, 0, 131, 133
143, 107, 198, 86
203, 152, 213, 33
9, 0, 185, 134
60, 4, 128, 129
76, 31, 120, 113
187, 109, 150, 84
63, 4, 123, 129
6, 0, 172, 137
143, 107, 201, 86
143, 107, 183, 86
60, 4, 133, 132
143, 96, 201, 97
143, 58, 201, 135
